
001.xml, 00:00:00.0052700, Result is : 1, 3, 2, 4, 
002.xml, 00:00:00.0000870, Result is : 3, 1, 4, 2, 3, 
003.xml, 00:00:00.0001100, Result is : 1, 3, 2, 4, 1, 3, 4, 
004.xml, 00:00:00.0003080, Result is : 1, 3, 2, 3, 1, 4, 2, 3, 1, 4, 2, 4, 
005.xml, 00:00:00.0003890, Result is : 1, 3, 2, 3, 1, 3, 1, 4, 2, 3, 2, 
006.xml, 00:00:00.0019600, Result is : 1, 3, 2, 3, 2, 3, 1, 4, 1, 3, 1, 3, 4, 1, 4, 2, 3, 
007.xml, 00:00:00.0006880, Result is : 1, 3, 2, 1, 4, 2, 3, 1, 3, 2, 4, 
008.xml, 00:00:00.0001270, Result is : 1, 3, 1, 4, 2, 3, 1, 
009.xml, 00:00:00.0022640, Result is : 3, 1, 4, 1, 3, 2, 3, 2, 4, 2, 3, 1, 4, 2, 1, 4, 3, 2, 4, 1, 4, 
010.xml, 00:00:00.0013460, Result is : 1, 3, 1, 4, 2, 3, 4, 2, 1, 3, 2, 3, 2, 4, 1, 4, 2, 4, 
011.xml, 00:00:00.0003590, Result is : 1, 3, 2, 4, 1, 3, 2, 4, 1, 3, 2, 4, 
012.xml, 00:00:00.0013380, Result is : 3, 4, 1, 3, 2, 3, 1, 3, 1, 3, 2, 4, 2, 1, 
013.xml, 00:00:00.0002040, Result is : 1, 3, 2, 4, 2, 3, 2, 4, 
014.xml, 00:00:00.0001630, Result is : 3, 1, 4, 2, 3, 1, 4, 2, 
015.xml, 00:00:00.0015500, Result is : 1, 3, 2, 3, 2, 4, 1, 3, 4, 2, 4, 1, 3, 2, 3, 1, 4, 2, 
016.xml, 00:00:00.0038950, Result is : 3, 1, 3, 2, 1, 2, 4, 1, 4, 2, 3, 4, 1, 3, 2, 3, 1, 4, 
017.xml, 00:00:00.0073330, Result is : 1, 3, 2, 3, 1, 3, 2, 4, 2, 3, 4, 1, 3, 4, 2, 3, 1, 3, 2, 3, 1, 4, 1, 4, 2, 4, 
018.xml, 00:00:00.0072080, Result is : 3, 1, 3, 2, 1, 4, 1, 3, 4, 2, 3, 4, 2, 1, 3, 1, 3, 2, 3, 2, 4, 2, 4, 1, 3, 4, 2, 3, 
019.xml, 00:00:00.0023570, Result is : 1, 3, 2, 3, 1, 3, 2, 3, 2, 4, 2, 1, 4, 2, 3, 4, 1, 3, 2, 4, 
020.xml, 00:00:00.0157290, Result is : 1, 3, 1, 3, 2, 3, 2, 1, 3, 1, 3, 2, 3, 2, 1, 2, 4, 2, 1, 4, 2, 3, 4, 2, 3, 4, 3, 1, 4, 1, 3, 1, 4, 1, 4, 2, 4, 2, 3, 2, 4, 1, 4, 
021.xml, 00:00:00.0034530, Result is : 3, 1, 3, 4, 2, 3, 2, 3, 1, 3, 2, 4, 2, 4, 1, 3, 4, 
022.xml, 00:00:00.0074380, Result is : 3, 1, 3, 2, 3, 4, 2, 4, 1, 3, 2, 4, 2, 3, 1, 3, 2, 3, 2, 4, 1, 3, 2, 1, 2, 4, 2, 4, 1, 3, 2, 4, 1, 
023.xml, 00:00:00.0011380, Result is : 1, 3, 2, 4, 2, 4, 2, 3, 1, 4, 1, 4, 
024.xml, 00:00:00.0006360, Result is : 3, 1, 3, 2, 4, 1, 3, 1, 4, 2, 3, 
025.xml, 00:00:00.0019440, Result is : 1, 3, 2, 3, 1, 4, 2, 1, 2, 3, 1, 4, 2, 3, 1, 
026.xml, 00:00:00.0008160, Result is : 1, 3, 2, 4, 1, 3, 2, 3, 4, 2, 1, 3, 2, 3, 2, 
027.xml, 00:00:00.0029550, Result is : 1, 3, 2, 4, 2, 3, 2, 3, 1, 4, 1, 4, 3, 2, 4, 1, 4, 2, 3, 1, 
028.xml, 00:00:00.0006770, Result is : 1, 3, 2, 4, 2, 3, 1, 4, 1, 2, 4, 
029.xml, 00:00:00.0006610, Result is : 3, 1, 4, 2, 3, 1, 4, 2, 
030.xml, 00:00:00.0270730, Result is : 1, 3, 4, 2, 3, 2, 4, 1, 4, 2, 4, 2, 1, 3, 4, 2, 3, 2, 1, 3, 2, 3, 2, 4, 3, 1, 3, 2, 4, 1, 4, 2, 4, 1, 4, 1, 3, 1, 
031.xml, 00:00:00.0075110, Result is : 1, 3, 4, 1, 3, 2, 3, 2, 4, 2, 1, 3, 4, 2, 3, 2, 4, 2, 3, 1, 3, 2, 1, 4, 2, 
032.xml, 00:00:00.0025920, Result is : 3, 1, 4, 2, 3, 4, 2, 1, 3, 1, 4, 2, 1, 
033.xml, 00:00:00.0009190, Result is : 3, 1, 3, 2, 3, 1, 4, 2, 4, 1, 4, 2, 
034.xml, 00:00:00.0027380, Result is : 3, 1, 4, 1, 3, 4, 2, 3, 1, 3, 2, 4, 2, 4, 1, 3, 
035.xml, 00:00:00.0069160, Result is : 3, 1, 3, 2, 4, 3, 2, 1, 3, 2, 1, 4, 2, 4, 1, 4, 2, 3, 2, 4, 1, 3, 4, 1, 3, 4, 2, 
036.xml, 00:00:00.0142850, Result is : 3, 1, 4, 2, 1, 3, 2, 4, 2, 1, 3, 4, 2, 4, 2, 3, 2, 4, 1, 4, 1, 3, 1, 
037.xml, 00:00:00.0022470, Result is : 1, 3, 2, 3, 1, 3, 2, 3, 1, 3, 2, 1, 4, 2, 3, 2, 4, 1, 
038.xml, 00:00:00.0103470, Result is : 3, 1, 3, 2, 3, 1, 4, 2, 3, 4, 1, 3, 4, 2, 3, 2, 1, 3, 2, 3, 2, 1, 4, 3, 2, 4, 1, 4, 2, 4, 1, 
039.xml, 00:00:00.0059690, Result is : 3, 1, 3, 2, 3, 4, 1, 3, 1, 3, 2, 1, 4, 2, 4, 2, 4, 1, 2, 3, 1, 4, 3, 1, 4, 2, 
040.xml, 00:00:00.0027210, Result is : 1, 3, 2, 3, 1, 4, 2, 3, 4, 2, 3, 1, 3, 4, 2, 4, 1, 3, 4, 
041.xml, 00:00:00.0120830, Result is : 1, 3, 2, 3, 2, 3, 1, 3, 1, 4, 2, 1, 3, 4, 2, 4, 2, 3, 1, 3, 2, 4, 1, 4, 
042.xml, 00:00:00.0072700, Result is : 1, 3, 2, 4, 1, 3, 4, 2, 3, 1, 4, 2, 1, 3, 4, 2, 3, 1, 3, 1, 4, 2, 3, 1, 4, 2, 3, 4, 
043.xml, 00:00:00.0061480, Result is : 1, 3, 4, 2, 3, 2, 1, 3, 2, 3, 1, 3, 1, 4, 2, 4, 1, 3, 2, 4, 1, 4, 1, 3, 
044.xml, 00:00:00.0097990, Result is : 3, 1, 3, 2, 3, 4, 1, 3, 4, 1, 2, 3, 1, 4, 2, 3, 2, 3, 1, 4, 1, 4, 1, 4, 2, 3, 2, 3, 2, 3, 
045.xml, 00:00:00.0018320, Result is : 3, 1, 4, 2, 3, 1, 4, 2, 3, 1, 4, 2, 
046.xml, 00:00:00.0014040, Result is : 3, 1, 4, 1, 3, 2, 4, 1, 3, 4, 2, 3, 1, 3, 4, 2, 3, 2, 4, 1, 3, 2, 
047.xml, 00:00:00.0046610, Result is : 3, 1, 4, 1, 3, 1, 4, 1, 3, 1, 4, 1, 3, 1, 4, 1, 3, 1, 
048.xml, 00:00:00.0131930, Result is : 1, 3, 2, 3, 1, 4, 2, 3, 2, 4, 2, 4, 1, 3, 1, 3, 4, 1, 3, 2, 3, 1, 4, 2, 4, 2, 4, 1, 3, 2, 3, 1, 3, 1, 4, 3, 
049.xml, 00:00:00.0066230, Result is : 3, 1, 4, 1, 3, 1, 4, 2, 1, 3, 2, 4, 1, 3, 2, 3, 2, 3, 2, 4, 1, 4, 2, 
050.xml, 00:00:00.0069450, Result is : 1, 3, 2, 4, 2, 4, 2, 3, 1, 3, 2, 1, 4, 2, 4, 2, 3, 4, 1, 4, 1, 3, 1, 4, 2, 4, 
051.xml, 00:00:00.0223200, Result is : 3, 1, 3, 4, 1, 3, 2, 1, 3, 4, 2, 3, 2, 4, 1, 3, 1, 2, 4, 1, 3, 4, 2, 4, 2, 4, 1, 3, 2, 1, 3, 1, 4, 1, 4, 2, 3, 1, 3, 1, 3, 2, 
052.xml, 00:00:00.0128120, Result is : 1, 3, 2, 4, 2, 1, 3, 4, 1, 3, 2, 3, 1, 4, 1, 4, 2, 4, 2, 3, 1, 3, 2, 3, 2, 3, 
053.xml, 00:00:00.1504900, Result is : 0, 
054.xml, 00:00:00.0250760, Result is : 1, 3, 2, 3, 4, 2, 3, 4, 1, 3, 2, 3, 2, 4, 2, 3, 1, 4, 1, 3, 2, 1, 3, 1, 3, 2, 4, 1, 3, 1, 3, 1, 4, 1, 4, 
055.xml, 00:00:00.1638570, Result is : 0, 
056.xml, 00:00:00.2121190, Result is : 0, 
057.xml, 00:00:00.2261870, Result is : 0, 
058.xml, 00:00:00.2674070, Result is : 0, 
059.xml, 00:00:00.0081860, Result is : 3, 1, 3, 4, 1, 4, 1, 3, 2, 4, 1, 4, 2, 3, 2, 3, 2, 4, 1, 2, 4, 1, 4, 2, 4, 1, 3, 1, 3, 4, 2, 
060.xml, 00:00:00.0107770, Result is : 1, 3, 2, 4, 2, 1, 3, 2, 4, 2, 3, 2, 3, 1, 4, 2, 1, 3, 2, 4, 2, 3, 1, 3, 2, 4, 1, 4, 2, 1, 4, 
061.xml, 00:00:00.0252000, Result is : 1, 3, 4, 1, 3, 2, 1, 3, 4, 2, 3, 1, 3, 1, 4, 2, 3, 1, 4, 2, 1, 3, 1, 4, 1, 4, 2, 1, 4, 2, 3, 2, 4, 1, 3, 2, 3, 2, 4, 
062.xml, 00:00:00.0447690, Result is : 3, 1, 3, 2, 1, 3, 1, 4, 2, 4, 1, 4, 2, 3, 4, 2, 1, 3, 4, 1, 3, 2, 3, 1, 3, 1, 4, 2, 3, 2, 3, 1, 4, 2, 4, 2, 4, 1, 3, 2, 3, 1, 4, 1, 4, 2, 3, 2, 3, 1, 4, 2, 3, 2, 1, 
063.xml, 00:00:00.0269650, Result is : 1, 3, 2, 3, 1, 4, 1, 3, 2, 3, 4, 1, 2, 4, 1, 4, 3, 2, 3, 1, 4, 3, 2, 4, 1, 3, 2, 3, 1, 2, 4, 1, 4, 2, 3, 1, 4, 1, 2, 3, 2, 3, 2, 4, 1, 4, 2, 3, 
064.xml, 00:00:00.0461640, Result is : 1, 3, 4, 1, 3, 2, 1, 3, 4, 2, 4, 2, 3, 2, 1, 3, 2, 3, 4, 2, 1, 4, 2, 3, 4, 1, 4, 1, 3, 2, 3, 1, 3, 4, 2, 4, 1, 3, 2, 4, 2, 1, 4, 2, 4, 2, 3, 2, 3, 1, 4, 1, 
065.xml, 00:00:00.0138500, Result is : 1, 3, 1, 3, 2, 4, 2, 3, 1, 3, 2, 4, 1, 3, 4, 2, 4, 1, 3, 1, 3, 4, 2, 3, 2, 4, 2, 3, 1, 3, 1, 3, 1, 4, 2, 3, 1, 3, 
066.xml, 00:00:00.0582380, Result is : 0, 
067.xml, 00:00:00.0548880, Result is : 0, 
068.xml, 00:00:00.0026200, Result is : 3, 1, 4, 1, 3, 2, 1, 4, 2, 3, 1, 4, 2, 1, 3, 2, 
069.xml, 00:00:00.1323630, Result is : 0, 
070.xml, 00:00:00.0037620, Result is : 1, 3, 1, 3, 4, 1, 3, 2, 1, 4, 2, 3, 1, 4, 3, 2, 4, 2, 4, 1, 3, 1, 4, 3, 2, 
071.xml, 00:00:00.1211060, Result is : 0, 
072.xml, 00:00:00.0079100, Result is : 1, 3, 2, 1, 4, 2, 3, 2, 4, 1, 4, 2, 3, 1, 4, 2, 3, 1, 4, 2, 4, 1, 3, 
073.xml, 00:00:00.0426500, Result is : 1, 3, 2, 3, 4, 2, 3, 1, 3, 2, 3, 1, 4, 1, 3, 1, 4, 2, 4, 2, 1, 3, 2, 3, 1, 3, 2, 4, 1, 4, 2, 3, 1, 3, 2, 3, 1, 4, 1, 4, 3, 2, 4, 1, 3, 1, 
074.xml, 00:00:00.0023420, Result is : 3, 1, 3, 2, 1, 3, 4, 2, 3, 1, 4, 2, 4, 2, 3, 1, 4, 1, 3, 2, 
075.xml, 00:00:00.0114710, Result is : 1, 3, 2, 4, 1, 4, 2, 3, 1, 3, 4, 2, 3, 1, 4, 2, 3, 1, 3, 2, 3, 1, 
076.xml, 00:00:00.0119380, Result is : 1, 3, 2, 1, 4, 1, 3, 2, 3, 4, 1, 4, 2, 1, 3, 2, 3, 1, 3, 1, 2, 4, 1, 4, 2, 3, 1, 4, 1, 3, 4, 2, 3, 2, 4, 
077.xml, 00:00:00.0011500, Result is : 3, 1, 4, 2, 3, 1, 3, 2, 1, 4, 2, 4, 2, 
078.xml, 00:00:00.0069490, Result is : 1, 3, 2, 3, 2, 4, 1, 3, 1, 4, 2, 3, 2, 3, 1, 4, 2, 3, 2, 3, 1, 4, 1, 4, 2, 3, 1, 
079.xml, 00:00:00.0205210, Result is : 1, 3, 1, 3, 2, 1, 4, 2, 4, 2, 3, 2, 4, 1, 4, 3, 2, 3, 1, 4, 1, 3, 2, 3, 2, 4, 2, 4, 2, 3, 1, 4, 1, 3, 2, 4, 
080.xml, 00:00:00.0537140, Result is : 0, 
081.xml, 00:00:00.0348510, Result is : 0, 
082.xml, 00:00:00.0980910, Result is : 0, 
083.xml, 00:00:00.0026420, Result is : 3, 1, 4, 2, 3, 1, 4, 1, 4, 1, 3, 2, 3, 2, 4, 2, 1, 4, 2, 
084.xml, 00:00:00.0083250, Result is : 1, 3, 2, 3, 2, 1, 4, 2, 1, 4, 2, 4, 2, 1, 3, 2, 4, 2, 4, 1, 3, 1, 4, 2, 3, 1, 3, 2, 4, 
085.xml, 00:00:00.0365050, Result is : 1, 4, 1, 3, 2, 4, 2, 3, 2, 1, 3, 4, 1, 3, 2, 4, 2, 3, 2, 4, 2, 4, 2, 3, 2, 4, 2, 3, 1, 4, 1, 4, 1, 4, 2, 3, 2, 3, 1, 4, 1, 4, 1, 
086.xml, 00:00:00.0291030, Result is : 1, 3, 1, 3, 2, 3, 4, 2, 3, 4, 2, 3, 1, 4, 2, 4, 2, 1, 3, 2, 4, 2, 3, 1, 4, 3, 2, 4, 3, 2, 4, 2, 4, 1, 3, 1, 4, 2, 4, 3, 2, 4, 
087.xml, 00:00:00.0115890, Result is : 1, 3, 1, 4, 1, 3, 2, 1, 3, 2, 3, 4, 2, 3, 1, 3, 2, 3, 2, 4, 3, 1, 4, 1, 4, 2, 4, 2, 4, 2, 4, 1, 3, 1, 4, 1, 3, 2, 3, 
088.xml, 00:00:00.0691320, Result is : 0, 
089.xml, 00:00:00.1141180, Result is : 0, 
090.xml, 00:00:00.0936200, Result is : 0, 
091.xml, 00:00:00.1247330, Result is : 0, 
092.xml, 00:00:00.1899380, Result is : 0, 
093.xml, 00:00:00.1682730, Result is : 0, 
094.xml, 00:00:00.2516040, Result is : 0, 
095.xml, 00:00:00.0121420, Result is : 1, 3, 2, 4, 2, 1, 3, 1, 4, 2, 4, 2, 3, 1, 3, 2, 4, 2, 4, 2, 3, 1, 3, 2, 4, 1, 3, 1, 4, 2, 4, 2, 3, 1, 3, 1, 4, 2, 4, 2, 4, 1, 3, 1, 3, 2, 4, 2, 4, 
096.xml, 00:00:00.0017300, Result is : 1, 4, 2, 1, 3, 2, 4, 1, 3, 2, 4, 2, 3, 2, 4, 1, 4, 2, 3, 1, 4, 1, 
097.xml, 00:00:00.0155780, Result is : 1, 3, 1, 4, 2, 1, 3, 4, 2, 3, 1, 4, 2, 3, 2, 4, 2, 3, 2, 4, 2, 4, 1, 3, 2, 4, 2, 3, 4, 1, 4, 2, 3, 
098.xml, 00:00:00.1445530, Result is : 0, 
099.xml, 00:00:00.0271060, Result is : 1, 3, 4, 2, 3, 4, 2, 1, 3, 2, 3, 4, 2, 3, 1, 3, 2, 3, 1, 3, 2, 4, 1, 3, 2, 3, 1, 3, 2, 4, 3, 1, 4, 2, 3, 2, 3, 1, 4, 2, 
100.xml, 00:00:00.1239650, Result is : 3, 1, 3, 2, 4, 1, 3, 2, 3, 4, 1, 3, 2, 3, 1, 3, 1, 3, 2, 4, 2, 1, 4, 1, 3, 4, 2, 3, 4, 1, 3, 4, 2, 3, 4, 1, 3, 2, 1, 4, 2, 3, 2, 4, 2, 1, 4, 3, 2, 3, 4, 1, 4, 3, 2, 3, 1, 4, 1, 3, 2, 4, 1, 3, 2, 3, 1, 4, 3, 1, 3, 2, 4, 2, 4, 
101.xml, 00:00:00.0291770, Result is : 3, 1, 4, 2, 3, 4, 2, 3, 1, 4, 2, 4, 3, 2, 4, 1, 3, 4, 1, 3, 2, 1, 3, 2, 1, 4, 2, 3, 1, 2, 4, 2, 1, 3, 2, 3, 
102.xml, 00:00:00.0165600, Result is : 1, 3, 2, 3, 2, 4, 2, 4, 2, 3, 1, 3, 4, 2, 1, 3, 2, 3, 2, 1, 4, 1, 4, 2, 3, 2, 4, 1, 3, 2, 4, 1, 3, 2, 3, 2, 4, 
103.xml, 00:00:00.0364840, Result is : 3, 1, 3, 2, 3, 4, 1, 3, 2, 4, 2, 1, 3, 4, 1, 2, 3, 1, 3, 4, 2, 3, 4, 1, 3, 2, 1, 3, 2, 3, 4, 1, 4, 2, 3, 1, 3, 2, 3, 2, 4, 1, 
104.xml, 00:00:00.2486690, Result is : 0, 
105.xml, 00:00:00.0055710, Result is : 3, 1, 4, 2, 1, 3, 4, 3, 2, 4, 2, 3, 2, 3, 1, 4, 2, 3, 4, 1, 3, 2, 1, 3, 
106.xml, 00:00:00.0954750, Result is : 0, 
107.xml, 00:00:00.0074420, Result is : 3, 1, 3, 4, 2, 3, 1, 3, 1, 3, 2, 4, 2, 4, 2, 3, 1, 4, 1, 4, 1, 3, 1, 3, 2, 4, 1, 4, 2, 
108.xml, 00:00:00.0740340, Result is : 1, 3, 2, 3, 2, 1, 3, 4, 1, 3, 2, 4, 2, 1, 3, 2, 3, 4, 2, 3, 2, 4, 1, 2, 4, 1, 3, 4, 2, 1, 3, 4, 2, 3, 1, 3, 1, 4, 1, 4, 1, 3, 2, 4, 2, 3, 2, 3, 1, 4, 1, 4, 2, 4, 2, 3, 2, 4, 2, 3, 2, 
109.xml, 00:00:00.1158860, Result is : 0, 
110.xml, 00:00:00.0089220, Result is : 1, 3, 2, 3, 2, 4, 1, 3, 2, 1, 4, 1, 4, 2, 4, 2, 4, 2, 3, 1, 4, 1, 3, 2, 3, 1, 4, 2, 1, 
111.xml, 00:00:00.1529380, Result is : 0, 
112.xml, 00:00:00.1371030, Result is : 0, 
113.xml, 00:00:00.0296550, Result is : 1, 3, 4, 1, 4, 1, 3, 2, 1, 3, 2, 4, 1, 3, 2, 4, 1, 3, 2, 3, 2, 4, 1, 3, 4, 2, 3, 1, 3, 1, 4, 1, 4, 2, 3, 1, 3, 2, 4, 1, 4, 1, 4, 1, 3, 2, 4, 
114.xml, 00:00:00.0246580, Result is : 3, 1, 4, 2, 3, 2, 3, 1, 3, 2, 3, 2, 4, 2, 4, 1, 4, 2, 4, 2, 4, 1, 3, 1, 3, 2, 3, 1, 3, 2, 4, 2, 3, 2, 3, 1, 4, 2, 3, 2, 3, 1, 3, 2, 4, 2, 1, 3, 
115.xml, 00:00:00.0049070, Result is : 1, 3, 1, 4, 2, 3, 2, 3, 2, 1, 3, 4, 2, 4, 1, 3, 1, 4, 2, 3, 2, 4, 3, 1, 3, 1, 
116.xml, 00:00:00.0160330, Result is : 1, 3, 2, 4, 2, 3, 1, 3, 2, 1, 4, 2, 3, 1, 3, 2, 3, 1, 4, 3, 1, 4, 1, 3, 4, 1, 2, 4, 
117.xml, 00:00:00.0035260, Result is : 3, 1, 3, 4, 2, 4, 1, 3, 2, 4, 2, 1, 4, 2, 3, 1, 3, 2, 4, 
118.xml, 00:00:00.0199610, Result is : 1, 3, 1, 3, 1, 3, 4, 2, 3, 1, 3, 2, 4, 2, 3, 2, 4, 2, 3, 1, 3, 4, 2, 4, 2, 3, 4, 1, 3, 1, 4, 2, 3, 1, 4, 2, 3, 1, 3, 1, 3, 2, 
119.xml, 00:00:00.0147110, Result is : 1, 3, 2, 1, 3, 4, 2, 3, 2, 3, 2, 1, 3, 2, 4, 1, 3, 2, 1, 3, 4, 2, 4, 2, 4, 1, 4, 2, 4, 2, 3, 4, 
120.xml, 00:00:00.1135670, Result is : 0, 
121.xml, 00:00:00.1294440, Result is : 0, 
122.xml, 00:00:00.0226340, Result is : 1, 4, 1, 4, 1, 3, 2, 4, 1, 3, 2, 4, 2, 3, 1, 4, 2, 3, 1, 4, 2, 4, 2, 3, 1, 4, 2, 3, 1, 4, 2, 3, 1, 4, 2, 3, 2, 3, 2, 3, 1, 4, 2, 3, 
123.xml, 00:00:00.0904800, Result is : 0, 
124.xml, 00:00:00.1942150, Result is : 0, 
125.xml, 00:00:00.2096860, Result is : 0, 
126.xml, 00:00:00.0628400, Result is : 3, 1, 4, 1, 4, 2, 4, 1, 3, 1, 4, 2, 4, 2, 3, 1, 3, 2, 4, 1, 3, 4, 1, 3, 1, 3, 2, 1, 3, 2, 4, 2, 3, 2, 3, 1, 3, 2, 4, 2, 3, 1, 3, 2, 4, 1, 3, 4, 2, 4, 2, 3, 1, 4, 1, 3, 
127.xml, 00:00:00.3325830, Result is : 0, 
128.xml, 00:00:00.3203280, Result is : 0, 
129.xml, 00:00:00.4572650, Result is : 0, 
130.xml, 00:00:00.0951520, Result is : 0, 
131.xml, 00:00:00.0185500, Result is : 1, 3, 4, 1, 3, 1, 4, 1, 3, 2, 3, 1, 4, 1, 3, 1, 4, 1, 4, 2, 3, 2, 3, 1, 4, 1, 3, 1, 4, 1, 3, 2, 4, 
132.xml, 00:00:00.0911550, Result is : 0, 
133.xml, 00:00:00.0507390, Result is : 0, 
134.xml, 00:00:00.1397980, Result is : 0, 
135.xml, 00:00:00.0105530, Result is : 3, 1, 3, 4, 1, 3, 2, 3, 4, 1, 3, 1, 3, 2, 1, 4, 1, 4, 2, 3, 4, 1, 3, 2, 1, 4, 2, 3, 2, 
136.xml, 00:00:00.0103070, Result is : 1, 3, 2, 3, 4, 1, 3, 2, 3, 1, 4, 1, 4, 2, 1, 3, 4, 3, 2, 3, 1, 4, 2, 3, 1, 3, 2, 3, 1, 4, 1, 4, 2, 4, 
137.xml, 00:00:00.0155840, Result is : 1, 3, 2, 3, 1, 4, 2, 3, 2, 4, 2, 4, 1, 3, 1, 4, 3, 2, 4, 1, 4, 2, 4, 1, 4, 2, 
138.xml, 00:00:00.0198800, Result is : 3, 1, 3, 4, 2, 1, 3, 2, 1, 3, 2, 3, 4, 1, 3, 2, 3, 2, 1, 4, 2, 3, 2, 4, 1, 4, 3, 2, 3, 2, 4, 2, 4, 2, 4, 1, 
139.xml, 00:00:00.0299070, Result is : 3, 1, 4, 1, 3, 4, 1, 3, 2, 1, 4, 2, 1, 3, 4, 2, 3, 2, 3, 2, 1, 4, 2, 4, 1, 4, 1, 3, 2, 4, 1, 4, 2, 3, 2, 3, 1, 4, 1, 4, 1, 4, 2, 
140.xml, 00:00:00.0028770, Result is : 1, 3, 2, 4, 2, 3, 1, 3, 4, 2, 3, 1, 4, 2, 3, 1, 3, 2, 1, 4, 2, 3, 
141.xml, 00:00:00.0402990, Result is : 3, 1, 4, 1, 3, 2, 3, 4, 2, 3, 1, 4, 2, 1, 3, 2, 4, 2, 3, 4, 2, 4, 1, 3, 1, 4, 2, 1, 3, 2, 1, 3, 2, 3, 2, 4, 1, 4, 2, 3, 2, 4, 2, 3, 2, 
142.xml, 00:00:00.0122890, Result is : 1, 3, 2, 1, 3, 4, 2, 3, 1, 4, 1, 4, 1, 3, 2, 4, 2, 3, 4, 1, 3, 1, 3, 2, 1, 4, 2, 4, 2, 3, 2, 
143.xml, 00:00:00.0444080, Result is : 1, 3, 2, 1, 3, 2, 3, 4, 2, 3, 1, 3, 2, 1, 3, 2, 3, 1, 4, 1, 4, 2, 4, 2, 3, 2, 4, 1, 3, 4, 2, 4, 2, 3, 1, 3, 2, 3, 4, 2, 1, 3, 2, 3, 1, 
144.xml, 00:00:00.1022870, Result is : 0, 
145.xml, 00:00:00.1138730, Result is : 0, 
146.xml, 00:00:00.0396970, Result is : 1, 3, 4, 1, 3, 2, 1, 3, 2, 3, 4, 2, 3, 2, 1, 3, 2, 4, 2, 3, 4, 1, 3, 2, 3, 1, 4, 1, 3, 1, 4, 1, 2, 3, 2, 3, 1, 4, 1, 3, 1, 3, 2, 4, 2, 4, 
147.xml, 00:00:00.0993930, Result is : 0, 
148.xml, 00:00:00.0668430, Result is : 1, 3, 1, 3, 2, 3, 4, 2, 3, 1, 4, 2, 3, 4, 1, 3, 2, 1, 4, 2, 3, 2, 3, 1, 4, 1, 4, 2, 4, 2, 3, 1, 3, 4, 1, 3, 2, 3, 1, 3, 2, 4, 1, 4, 1, 3, 2, 4, 1, 
149.xml, 00:00:00.1264750, Result is : 0, 
150.xml, 00:00:00.1487050, Result is : 0, 
151.xml, 00:00:00.0560680, Result is : 0, 
152.xml, 00:00:00.0272970, Result is : 1, 3, 2, 3, 2, 1, 4, 2, 3, 2, 3, 1, 3, 1, 4, 1, 3, 2, 4, 1, 3, 2, 4, 1, 4, 2, 3, 1, 4, 2, 3, 2, 3, 2, 4, 1, 4, 2, 4, 1, 3, 2, 4, 
153.xml, 00:00:00.1710520, Result is : 0, 
154.xml, 00:00:00.1250460, Result is : 0, 
155.xml, 00:00:00.1143740, Result is : 0, 
156.xml, 00:00:00.1100820, Result is : 0, 
157.xml, 00:00:00.1470100, Result is : 0, 
158.xml, 00:00:00.0245090, Result is : 1, 3, 2, 4, 2, 3, 1, 3, 4, 2, 3, 2, 4, 2, 3, 1, 3, 2, 4, 2, 3, 1, 4, 2, 3, 1, 3, 2, 4, 1, 3, 1, 4, 2, 4, 1, 3, 1, 4, 2, 3, 2, 4, 2, 3, 1, 3, 2, 4, 
159.xml, 00:00:00.1538520, Result is : 0, 
160.xml, 00:00:00.0038090, Result is : 1, 3, 1, 3, 2, 4, 1, 4, 3, 2, 4, 1, 3, 2, 4, 2, 4, 2, 3, 1, 4, 2, 3, 
161.xml, 00:00:00.0045980, Result is : 3, 1, 4, 2, 4, 2, 1, 3, 2, 3, 1, 4, 2, 3, 2, 4, 1, 3, 2, 3, 1, 4, 1, 3, 
162.xml, 00:00:00.0211530, Result is : 3, 1, 4, 2, 1, 4, 1, 3, 2, 1, 4, 2, 4, 2, 1, 3, 1, 4, 2, 3, 1, 4, 1, 3, 2, 4, 2, 4, 2, 3, 1, 3, 1, 4, 1, 2, 4, 1, 
163.xml, 00:00:00.0313610, Result is : 3, 1, 3, 2, 1, 4, 1, 3, 2, 4, 1, 4, 2, 3, 2, 4, 1, 3, 1, 3, 1, 4, 1, 3, 2, 3, 1, 4, 2, 4, 2, 3, 2, 4, 1, 4, 2, 
164.xml, 00:00:00.0027300, Result is : 3, 1, 3, 1, 4, 2, 3, 1, 4, 2, 1, 3, 1, 3, 1, 3, 4, 2, 3, 1, 4, 1, 3, 2, 
165.xml, 00:00:00.1171270, Result is : 0, 
166.xml, 00:00:00.1865680, Result is : 0, 
167.xml, 00:00:00.1565690, Result is : 0, 
168.xml, 00:00:00.0049260, Result is : 1, 3, 2, 3, 2, 1, 3, 2, 4, 1, 3, 4, 2, 4, 2, 3, 1, 3, 2, 4, 1, 3, 2, 4, 2, 4, 
169.xml, 00:00:00.0043540, Result is : 1, 3, 4, 2, 3, 4, 1, 3, 2, 1, 4, 2, 1, 4, 2, 4, 1, 3, 2, 3, 1, 4, 2, 4, 
170.xml, 00:00:00.2697720, Result is : 0, 